M10-R v1.87 DG 32-CUBE HYPOTHESIS
main bytes 32768 32^3 32768 exact True range 0 12 unique [0, 1, 2, 3, 4, 5, 6, 7, 8, 9, 10, 11, 12]

=== first-axis planes (32 planes of 32x32) ===
0 minmax 0 12 mean 5.5127 unique 11 zero 64 sha 03cd7468ee34ddcd
1 minmax 0 4 mean 2.5781 unique 4 zero 64 sha 09f424b7b59d4b32
2 minmax 0 3 mean 1.8066 unique 4 zero 64 sha b8f8edb788457fdb
3 minmax 0 2 mean 1.1338 unique 3 zero 67 sha 7e298de48ea85c9d
4 minmax 0 1 mean 0.7402 unique 2 zero 266 sha 38a9c2dda03dd8ec
5 minmax 0 1 mean 0.5195 unique 2 zero 492 sha 3f86f082e1a55691
6 minmax 0 1 mean 0.3848 unique 2 zero 630 sha bc6354bea74e4c62
7 minmax 0 1 mean 0.2939 unique 2 zero 723 sha 921b3a2b245cff28
8 minmax 0 1 mean 0.2402 unique 2 zero 778 sha 8a9f8a4ccaebae8f
9 minmax 0 1 mean 0.2334 unique 2 zero 785 sha f5b63400b9fef996
10 minmax 0 1 mean 0.2324 unique 2 zero 786 sha 9cfc011504b4726e
11 minmax 0 1 mean 0.2334 unique 2 zero 785 sha 9018e41c4396cb74
12 minmax 0 1 mean 0.2334 unique 2 zero 785 sha add0ac176dcbfc20
13 minmax 0 1 mean 0.2324 unique 2 zero 786 sha a492da1a69b8ba95
14 minmax 0 1 mean 0.1055 unique 2 zero 916 sha a748bdc233759bf9
15 minmax 0 0 mean 0 unique 1 zero 1024 sha 5f70bf18a0860070
16 minmax 0 0 mean 0 unique 1 zero 1024 sha 5f70bf18a0860070
17 minmax 0 0 mean 0 unique 1 zero 1024 sha 5f70bf18a0860070
18 minmax 0 0 mean 0 unique 1 zero 1024 sha 5f70bf18a0860070
19 minmax 0 0 mean 0 unique 1 zero 1024 sha 5f70bf18a0860070
20 minmax 0 0 mean 0 unique 1 zero 1024 sha 5f70bf18a0860070
21 minmax 0 0 mean 0 unique 1 zero 1024 sha 5f70bf18a0860070
22 minmax 0 0 mean 0 unique 1 zero 1024 sha 5f70bf18a0860070
23 minmax 0 0 mean 0 unique 1 zero 1024 sha 5f70bf18a0860070
24 minmax 0 0 mean 0 unique 1 zero 1024 sha 5f70bf18a0860070
25 minmax 0 0 mean 0 unique 1 zero 1024 sha 5f70bf18a0860070
26 minmax 0 0 mean 0 unique 1 zero 1024 sha 5f70bf18a0860070
27 minmax 0 0 mean 0 unique 1 zero 1024 sha 5f70bf18a0860070
28 minmax 0 0 mean 0 unique 1 zero 1024 sha 5f70bf18a0860070
29 minmax 0 0 mean 0 unique 1 zero 1024 sha 5f70bf18a0860070
30 minmax 0 0 mean 0 unique 1 zero 1024 sha 5f70bf18a0860070
31 minmax 0 0 mean 0 unique 1 zero 1024 sha 5f70bf18a0860070

=== axis-line summary ===
axis 0 unique_lines 474 mono_inc 64 mono_dec 419 const 64
axis 1 unique_lines 201 mono_inc 746 mono_dec 763 const 746
axis 2 unique_lines 144 mono_inc 561 mono_dec 561 const 561

=== cube diagonals / neutral axis candidates ===
diag RGB [0, 3, 2, 1, 1, 1, 1, 0, 0, 0, 1, 0, 0, 1, 0, 0, 0, 0, 0, 0, 0, 0, 0, 0, 0, 0, 0, 0, 0, 0, 0, 0]
a=b,c=0 [0, 0, 0, 0, 0, 0, 0, 0, 0, 0, 0, 0, 0, 0, 0, 0, 0, 0, 0, 0, 0, 0, 0, 0, 0, 0, 0, 0, 0, 0, 0, 0]
a=c,b=0 [0, 3, 2, 1, 1, 1, 1, 1, 1, 0, 0, 0, 0, 0, 0, 0, 0, 0, 0, 0, 0, 0, 0, 0, 0, 0, 0, 0, 0, 0, 0, 0]
b=c,a=0 [0, 9, 11, 10, 9, 8, 8, 8, 7, 7, 6, 7, 6, 6, 6, 5, 0, 4, 5, 5, 5, 4, 4, 4, 4, 4, 4, 4, 4, 3, 4, 4]
a,31,31 [4, 2, 2, 1, 1, 0, 0, 0, 0, 0, 0, 0, 0, 0, 0, 0, 0, 0, 0, 0, 0, 0, 0, 0, 0, 0, 0, 0, 0, 0, 0, 0]
31,b,31 [0, 0, 0, 0, 0, 0, 0, 0, 0, 0, 0, 0, 0, 0, 0, 0, 0, 0, 0, 0, 0, 0, 0, 0, 0, 0, 0, 0, 0, 0, 0, 0]
31,31,c [0, 0, 0, 0, 0, 0, 0, 0, 0, 0, 0, 0, 0, 0, 0, 0, 0, 0, 0, 0, 0, 0, 0, 0, 0, 0, 0, 0, 0, 0, 0, 0]

=== permutation symmetry mismatch counts ===
swap12 mismatch 6346 of 32768 mean_abs 0.26617431640625 max_abs 10
swap01 mismatch 11566 of 32768 mean_abs 0.723876953125 max_abs 10
swap02 mismatch 12304 of 32768 mean_abs 0.81201171875 max_abs 12
cycle120 mismatch 12344 of 32768 mean_abs 0.79107666015625 max_abs 12
cycle201 mismatch 12344 of 32768 mean_abs 0.79107666015625 max_abs 12

=== adjacent-difference statistics by axis ===
axis 0 diff_range -9 1 mean_abs 0.2437310987903226 counts [(-9, 3), (-8, 23), (-7, 37), (-6, 62), (-5, 57), (-4, 101), (-3, 226), (-2, 434), (-1, 3614), (0, 26141), (1, 1046)]
axis 1 diff_range -2 2 mean_abs 0.08470892137096774 counts [(-2, 23), (-1, 1443), (0, 29094), (1, 1168), (2, 16)]
axis 2 diff_range -11 11 mean_abs 0.2592615927419355 counts [(-11, 1), (-10, 3), (-9, 1), (-8, 2), (-7, 3), (-6, 4), (-5, 8), (-4, 12), (-3, 19), (-2, 47), (-1, 3550), (0, 24159), (1, 3778), (2, 73), (3, 28), (4, 21), (5, 12), (6, 7), (7, 5), (8, 3), (9, 5), (10, 1), (11, 2)]

=== selected 32x32 slices: row heads ===
plane 0
 row 0 [0, 9, 10, 10, 10, 9, 10, 10, 10, 9, 10, 10, 10, 9, 10, 10, 0, 9, 10, 10, 10, 9, 10, 10, 10, 9, 10, 10, 10, 9, 10, 10]
 row 1 [0, 9, 10, 10, 10, 9, 10, 10, 10, 9, 10, 10, 10, 9, 10, 10, 0, 11, 11, 12, 11, 11, 12, 11, 12, 11, 11, 12, 11, 11, 12, 11]
 row 2 [0, 11, 11, 11, 12, 11, 11, 11, 12, 11, 11, 11, 12, 11, 11, 11, 0, 10, 10, 11, 10, 11, 10, 11, 10, 10, 11, 10, 11, 10, 11, 10]
 row 4 [0, 8, 9, 8, 9, 8, 9, 8, 9, 9, 8, 9, 8, 9, 8, 9, 0, 8, 8, 9, 8, 8, 9, 8, 9, 8, 8, 9, 8, 8, 9, 8]
 row 8 [0, 7, 7, 7, 7, 7, 7, 7, 7, 7, 7, 7, 7, 7, 7, 7, 0, 6, 7, 6, 7, 7, 6, 7, 7, 6, 7, 6, 7, 7, 6, 7]
 row 16 [0, 5, 5, 5, 6, 5, 5, 5, 6, 5, 5, 5, 6, 5, 5, 5, 0, 5, 5, 5, 5, 5, 5, 5, 5, 5, 5, 5, 5, 5, 5, 5]
 row 24 [0, 4, 5, 4, 5, 4, 5, 4, 5, 4, 5, 4, 5, 4, 5, 4, 0, 4, 4, 4, 4, 4, 5, 4, 4, 4, 4, 5, 4, 4, 4, 4]
 row 31 [0, 3, 4, 3, 4, 4, 3, 4, 4, 3, 4, 3, 4, 4, 3, 4, 0, 3, 4, 4, 4, 3, 4, 4, 4, 3, 4, 4, 4, 3, 4, 4]
plane 1
 row 0 [0, 3, 4, 3, 4, 3, 4, 3, 4, 4, 3, 4, 3, 4, 3, 4, 0, 3, 4, 3, 4, 3, 4, 3, 4, 3, 4, 3, 4, 3, 4, 3]
 row 1 [0, 3, 4, 3, 4, 4, 3, 4, 4, 3, 4, 3, 4, 4, 3, 4, 0, 3, 3, 4, 3, 4, 3, 4, 3, 3, 4, 3, 4, 3, 4, 3]
 row 2 [0, 3, 4, 3, 4, 3, 4, 3, 4, 3, 4, 3, 4, 3, 4, 3, 0, 3, 3, 4, 3, 3, 4, 3, 4, 3, 3, 4, 3, 3, 4, 3]
 row 4 [0, 3, 3, 3, 4, 3, 3, 4, 3, 3, 4, 3, 3, 4, 3, 3, 0, 3, 3, 3, 4, 3, 3, 3, 4, 3, 3, 3, 4, 3, 3, 3]
 row 8 [0, 3, 3, 3, 3, 3, 3, 3, 3, 3, 3, 3, 3, 3, 3, 3, 0, 3, 3, 3, 3, 3, 3, 3, 3, 3, 3, 3, 3, 3, 3, 3]
 row 16 [0, 2, 3, 3, 2, 3, 3, 2, 3, 3, 2, 3, 3, 2, 3, 3, 0, 2, 3, 2, 3, 3, 2, 3, 3, 2, 3, 2, 3, 3, 2, 3]
 row 24 [0, 2, 2, 3, 2, 2, 3, 2, 3, 2, 2, 3, 2, 2, 3, 2, 0, 2, 2, 3, 2, 3, 2, 3, 2, 2, 3, 2, 3, 2, 3, 2]
 row 31 [0, 2, 2, 2, 3, 2, 2, 2, 3, 2, 2, 2, 3, 2, 2, 2, 0, 2, 2, 2, 2, 2, 3, 2, 2, 2, 2, 3, 2, 2, 2, 2]
plane 2
 row 0 [0, 2, 2, 2, 3, 2, 2, 3, 2, 2, 3, 2, 2, 3, 2, 2, 0, 2, 2, 2, 3, 2, 2, 2, 3, 2, 2, 2, 3, 2, 2, 2]
 row 1 [0, 2, 2, 2, 2, 2, 2, 2, 3, 2, 2, 2, 2, 2, 2, 2, 0, 2, 2, 2, 3, 2, 2, 2, 3, 2, 2, 2, 3, 2, 2, 2]
 row 2 [0, 2, 2, 2, 2, 2, 3, 2, 2, 2, 2, 3, 2, 2, 2, 2, 0, 2, 2, 2, 2, 2, 3, 2, 2, 2, 2, 3, 2, 2, 2, 2]
 row 4 [0, 2, 2, 2, 2, 2, 3, 2, 2, 2, 2, 3, 2, 2, 2, 2, 0, 2, 2, 2, 2, 2, 2, 2, 3, 2, 2, 2, 2, 2, 2, 2]
 row 8 [0, 2, 2, 2, 2, 2, 2, 2, 2, 2, 2, 2, 2, 2, 2, 2, 0, 2, 2, 2, 2, 2, 2, 2, 2, 2, 2, 2, 2, 2, 2, 2]
 row 16 [0, 1, 2, 2, 2, 2, 2, 2, 2, 1, 2, 2, 2, 2, 2, 2, 0, 1, 2, 2, 2, 2, 2, 2, 2, 2, 2, 2, 2, 2, 2, 2]
 row 24 [0, 1, 2, 2, 2, 2, 2, 2, 2, 1, 2, 2, 2, 2, 2, 2, 0, 1, 2, 2, 2, 1, 2, 2, 2, 1, 2, 2, 2, 1, 2, 2]
 row 31 [0, 1, 2, 2, 1, 2, 2, 1, 2, 2, 1, 2, 2, 1, 2, 2, 0, 1, 2, 1, 2, 2, 1, 2, 2, 1, 2, 1, 2, 2, 1, 2]
plane 4
 row 0 [0, 1, 1, 1, 1, 1, 1, 1, 1, 1, 1, 1, 1, 1, 1, 1, 0, 0, 1, 1, 1, 1, 1, 1, 1, 1, 1, 1, 1, 1, 1, 1]
 row 1 [0, 0, 1, 1, 1, 1, 1, 1, 1, 1, 1, 1, 1, 1, 1, 1, 0, 0, 1, 1, 1, 1, 1, 1, 1, 1, 1, 1, 1, 1, 1, 1]
 row 2 [0, 0, 1, 1, 1, 1, 1, 1, 1, 1, 1, 1, 1, 1, 1, 1, 0, 0, 1, 1, 1, 1, 1, 1, 1, 1, 1, 1, 1, 1, 1, 1]
 row 4 [0, 0, 1, 1, 1, 1, 1, 1, 1, 1, 1, 1, 1, 1, 1, 1, 0, 0, 1, 1, 1, 1, 1, 1, 1, 0, 1, 1, 1, 1, 1, 1]
 row 8 [0, 0, 1, 1, 1, 1, 1, 1, 1, 0, 1, 1, 1, 1, 1, 1, 0, 0, 1, 1, 1, 1, 1, 1, 1, 0, 1, 1, 1, 1, 1, 1]
 row 16 [0, 0, 1, 1, 1, 0, 1, 1, 1, 0, 1, 1, 1, 0, 1, 1, 0, 0, 1, 1, 1, 1, 0, 1, 1, 1, 1, 0, 1, 1, 1, 1]
 row 24 [0, 0, 1, 1, 1, 0, 1, 1, 1, 0, 1, 1, 1, 0, 1, 1, 0, 0, 1, 1, 0, 1, 1, 0, 1, 1, 0, 1, 1, 0, 1, 1]
 row 31 [0, 0, 1, 1, 0, 1, 1, 0, 1, 1, 0, 1, 1, 0, 1, 1, 0, 0, 1, 1, 0, 1, 1, 0, 1, 1, 0, 1, 1, 0, 1, 1]
plane 8
 row 0 [0, 0, 0, 1, 0, 0, 1, 0, 1, 0, 0, 1, 0, 0, 1, 0, 0, 0, 0, 0, 1, 0, 0, 1, 0, 0, 1, 0, 0, 1, 0, 0]
 row 1 [0, 0, 0, 0, 1, 0, 0, 1, 0, 0, 1, 0, 0, 1, 0, 0, 0, 0, 0, 0, 1, 0, 0, 1, 0, 0, 1, 0, 0, 1, 0, 0]
 row 2 [0, 0, 0, 0, 1, 0, 0, 1, 0, 0, 1, 0, 0, 1, 0, 0, 0, 0, 0, 0, 1, 0, 0, 1, 0, 0, 1, 0, 0, 1, 0, 0]
 row 4 [0, 0, 0, 1, 0, 0, 1, 0, 1, 0, 0, 1, 0, 0, 1, 0, 0, 0, 0, 0, 1, 0, 0, 0, 1, 0, 0, 0, 1, 0, 0, 0]
 row 8 [0, 0, 0, 0, 1, 0, 0, 1, 0, 0, 1, 0, 0, 1, 0, 0, 0, 0, 0, 0, 1, 0, 0, 1, 0, 0, 1, 0, 0, 1, 0, 0]
 row 16 [0, 0, 0, 0, 1, 0, 0, 0, 1, 0, 0, 0, 1, 0, 0, 0, 0, 0, 0, 0, 1, 0, 0, 1, 0, 0, 1, 0, 0, 1, 0, 0]
 row 24 [0, 0, 0, 0, 1, 0, 0, 1, 0, 0, 1, 0, 0, 1, 0, 0, 0, 0, 0, 0, 1, 0, 0, 1, 0, 0, 1, 0, 0, 1, 0, 0]
 row 31 [0, 0, 0, 0, 1, 0, 0, 1, 0, 0, 1, 0, 0, 1, 0, 0, 0, 0, 0, 0, 1, 0, 0, 1, 0, 0, 1, 0, 0, 1, 0, 0]
plane 16
 row 0 [0, 0, 0, 0, 0, 0, 0, 0, 0, 0, 0, 0, 0, 0, 0, 0, 0, 0, 0, 0, 0, 0, 0, 0, 0, 0, 0, 0, 0, 0, 0, 0]
 row 1 [0, 0, 0, 0, 0, 0, 0, 0, 0, 0, 0, 0, 0, 0, 0, 0, 0, 0, 0, 0, 0, 0, 0, 0, 0, 0, 0, 0, 0, 0, 0, 0]
 row 2 [0, 0, 0, 0, 0, 0, 0, 0, 0, 0, 0, 0, 0, 0, 0, 0, 0, 0, 0, 0, 0, 0, 0, 0, 0, 0, 0, 0, 0, 0, 0, 0]
 row 4 [0, 0, 0, 0, 0, 0, 0, 0, 0, 0, 0, 0, 0, 0, 0, 0, 0, 0, 0, 0, 0, 0, 0, 0, 0, 0, 0, 0, 0, 0, 0, 0]
 row 8 [0, 0, 0, 0, 0, 0, 0, 0, 0, 0, 0, 0, 0, 0, 0, 0, 0, 0, 0, 0, 0, 0, 0, 0, 0, 0, 0, 0, 0, 0, 0, 0]
 row 16 [0, 0, 0, 0, 0, 0, 0, 0, 0, 0, 0, 0, 0, 0, 0, 0, 0, 0, 0, 0, 0, 0, 0, 0, 0, 0, 0, 0, 0, 0, 0, 0]
 row 24 [0, 0, 0, 0, 0, 0, 0, 0, 0, 0, 0, 0, 0, 0, 0, 0, 0, 0, 0, 0, 0, 0, 0, 0, 0, 0, 0, 0, 0, 0, 0, 0]
 row 31 [0, 0, 0, 0, 0, 0, 0, 0, 0, 0, 0, 0, 0, 0, 0, 0, 0, 0, 0, 0, 0, 0, 0, 0, 0, 0, 0, 0, 0, 0, 0, 0]
plane 24
 row 0 [0, 0, 0, 0, 0, 0, 0, 0, 0, 0, 0, 0, 0, 0, 0, 0, 0, 0, 0, 0, 0, 0, 0, 0, 0, 0, 0, 0, 0, 0, 0, 0]
 row 1 [0, 0, 0, 0, 0, 0, 0, 0, 0, 0, 0, 0, 0, 0, 0, 0, 0, 0, 0, 0, 0, 0, 0, 0, 0, 0, 0, 0, 0, 0, 0, 0]
 row 2 [0, 0, 0, 0, 0, 0, 0, 0, 0, 0, 0, 0, 0, 0, 0, 0, 0, 0, 0, 0, 0, 0, 0, 0, 0, 0, 0, 0, 0, 0, 0, 0]
 row 4 [0, 0, 0, 0, 0, 0, 0, 0, 0, 0, 0, 0, 0, 0, 0, 0, 0, 0, 0, 0, 0, 0, 0, 0, 0, 0, 0, 0, 0, 0, 0, 0]
 row 8 [0, 0, 0, 0, 0, 0, 0, 0, 0, 0, 0, 0, 0, 0, 0, 0, 0, 0, 0, 0, 0, 0, 0, 0, 0, 0, 0, 0, 0, 0, 0, 0]
 row 16 [0, 0, 0, 0, 0, 0, 0, 0, 0, 0, 0, 0, 0, 0, 0, 0, 0, 0, 0, 0, 0, 0, 0, 0, 0, 0, 0, 0, 0, 0, 0, 0]
 row 24 [0, 0, 0, 0, 0, 0, 0, 0, 0, 0, 0, 0, 0, 0, 0, 0, 0, 0, 0, 0, 0, 0, 0, 0, 0, 0, 0, 0, 0, 0, 0, 0]
 row 31 [0, 0, 0, 0, 0, 0, 0, 0, 0, 0, 0, 0, 0, 0, 0, 0, 0, 0, 0, 0, 0, 0, 0, 0, 0, 0, 0, 0, 0, 0, 0, 0]
plane 31
 row 0 [0, 0, 0, 0, 0, 0, 0, 0, 0, 0, 0, 0, 0, 0, 0, 0, 0, 0, 0, 0, 0, 0, 0, 0, 0, 0, 0, 0, 0, 0, 0, 0]
 row 1 [0, 0, 0, 0, 0, 0, 0, 0, 0, 0, 0, 0, 0, 0, 0, 0, 0, 0, 0, 0, 0, 0, 0, 0, 0, 0, 0, 0, 0, 0, 0, 0]
 row 2 [0, 0, 0, 0, 0, 0, 0, 0, 0, 0, 0, 0, 0, 0, 0, 0, 0, 0, 0, 0, 0, 0, 0, 0, 0, 0, 0, 0, 0, 0, 0, 0]
 row 4 [0, 0, 0, 0, 0, 0, 0, 0, 0, 0, 0, 0, 0, 0, 0, 0, 0, 0, 0, 0, 0, 0, 0, 0, 0, 0, 0, 0, 0, 0, 0, 0]
 row 8 [0, 0, 0, 0, 0, 0, 0, 0, 0, 0, 0, 0, 0, 0, 0, 0, 0, 0, 0, 0, 0, 0, 0, 0, 0, 0, 0, 0, 0, 0, 0, 0]
 row 16 [0, 0, 0, 0, 0, 0, 0, 0, 0, 0, 0, 0, 0, 0, 0, 0, 0, 0, 0, 0, 0, 0, 0, 0, 0, 0, 0, 0, 0, 0, 0, 0]
 row 24 [0, 0, 0, 0, 0, 0, 0, 0, 0, 0, 0, 0, 0, 0, 0, 0, 0, 0, 0, 0, 0, 0, 0, 0, 0, 0, 0, 0, 0, 0, 0, 0]
 row 31 [0, 0, 0, 0, 0, 0, 0, 0, 0, 0, 0, 0, 0, 0, 0, 0, 0, 0, 0, 0, 0, 0, 0, 0, 0, 0, 0, 0, 0, 0, 0, 0]

=== FL curve relation probes ===
FL len 2048 range 0 16383 last_non_sat 924 first32 [0, 156, 312, 468, 650, 830, 997, 1153, 1303, 1440, 1574, 1704, 1825, 1946, 2065, 2182, 2288, 2400, 2506, 2611, 2713, 2811, 2908, 3007, 3101, 3193, 3285, 3378, 3465, 3552, 3640, 3725] around_sat [16303, 16308, 16312, 16317, 16322, 16327, 16331, 16336, 16341, 16345, 16350, 16355, 16360, 16364, 16369, 16374, 16379, 16383, 16383, 16383, 16383, 16383, 16383, 16383, 16383, 16383, 16383, 16383, 16383, 16383, 16383, 16383, 16383]
FL 32-point samples over active span [(0, 0), (30, 3640), (60, 5814), (89, 7333), (119, 8572), (149, 9620), (179, 10539), (209, 11314), (238, 11887), (268, 12361), (298, 12754), (328, 13089), (358, 13378), (387, 13624), (417, 13849), (447, 14051), (477, 14234), (507, 14398), (537, 14548), (566, 14686), (596, 14827), (626, 14969), (656, 15111), (686, 15253), (715, 15390), (745, 15532), (775, 15674), (805, 15816), (835, 15958), (864, 16095), (894, 16237), (924, 16379)]

TARGET: test whether the exact 0x8000-byte DG main payload is structurally consistent with a 32x32x32 1-byte LUT, identify axis behavior/symmetry, and assess whether FL plausibly supplies a scalar transfer curve used with the cube. Size equality alone is not proof.
