M10-R v1.81 B2Y LUT GEOMETRY

=== TONE LOW active 0xA000 ===
count_u32 10240 sha 136b69127e73cc43c28c0aa7b511f1f3e9b29be139f4d491422f2eb574a49fb0 minmax 0x8000 0x8000 unique 1
first_runs [('0x8000', 10240)] run_count 1
rowlen 32 rows 320 uniq_rows 1 mono_inc 320 mono_dec 320 const 320 same_adj 319 sample [(32768, 32768, 32768, 32768, 1), (32768, 32768, 32768, 32768, 1), (32768, 32768, 32768, 32768, 1), (32768, 32768, 32768, 32768, 1), (32768, 32768, 32768, 32768, 1), (32768, 32768, 32768, 32768, 1), (32768, 32768, 32768, 32768, 1), (32768, 32768, 32768, 32768, 1)]
rowlen 40 rows 256 uniq_rows 1 mono_inc 256 mono_dec 256 const 256 same_adj 255 sample [(32768, 32768, 32768, 32768, 1), (32768, 32768, 32768, 32768, 1), (32768, 32768, 32768, 32768, 1), (32768, 32768, 32768, 32768, 1), (32768, 32768, 32768, 32768, 1), (32768, 32768, 32768, 32768, 1), (32768, 32768, 32768, 32768, 1), (32768, 32768, 32768, 32768, 1)]
rowlen 64 rows 160 uniq_rows 1 mono_inc 160 mono_dec 160 const 160 same_adj 159 sample [(32768, 32768, 32768, 32768, 1), (32768, 32768, 32768, 32768, 1), (32768, 32768, 32768, 32768, 1), (32768, 32768, 32768, 32768, 1), (32768, 32768, 32768, 32768, 1), (32768, 32768, 32768, 32768, 1), (32768, 32768, 32768, 32768, 1), (32768, 32768, 32768, 32768, 1)]
rowlen 80 rows 128 uniq_rows 1 mono_inc 128 mono_dec 128 const 128 same_adj 127 sample [(32768, 32768, 32768, 32768, 1), (32768, 32768, 32768, 32768, 1), (32768, 32768, 32768, 32768, 1), (32768, 32768, 32768, 32768, 1), (32768, 32768, 32768, 32768, 1), (32768, 32768, 32768, 32768, 1), (32768, 32768, 32768, 32768, 1), (32768, 32768, 32768, 32768, 1)]
rowlen 128 rows 80 uniq_rows 1 mono_inc 80 mono_dec 80 const 80 same_adj 79 sample [(32768, 32768, 32768, 32768, 1), (32768, 32768, 32768, 32768, 1), (32768, 32768, 32768, 32768, 1), (32768, 32768, 32768, 32768, 1), (32768, 32768, 32768, 32768, 1), (32768, 32768, 32768, 32768, 1), (32768, 32768, 32768, 32768, 1), (32768, 32768, 32768, 32768, 1)]
rowlen 160 rows 64 uniq_rows 1 mono_inc 64 mono_dec 64 const 64 same_adj 63 sample [(32768, 32768, 32768, 32768, 1), (32768, 32768, 32768, 32768, 1), (32768, 32768, 32768, 32768, 1), (32768, 32768, 32768, 32768, 1), (32768, 32768, 32768, 32768, 1), (32768, 32768, 32768, 32768, 1), (32768, 32768, 32768, 32768, 1), (32768, 32768, 32768, 32768, 1)]
rowlen 256 rows 40 uniq_rows 1 mono_inc 40 mono_dec 40 const 40 same_adj 39 sample [(32768, 32768, 32768, 32768, 1), (32768, 32768, 32768, 32768, 1), (32768, 32768, 32768, 32768, 1), (32768, 32768, 32768, 32768, 1), (32768, 32768, 32768, 32768, 1), (32768, 32768, 32768, 32768, 1), (32768, 32768, 32768, 32768, 1), (32768, 32768, 32768, 32768, 1)]
rowlen 320 rows 32 uniq_rows 1 mono_inc 32 mono_dec 32 const 32 same_adj 31 sample [(32768, 32768, 32768, 32768, 1), (32768, 32768, 32768, 32768, 1), (32768, 32768, 32768, 32768, 1), (32768, 32768, 32768, 32768, 1), (32768, 32768, 32768, 32768, 1), (32768, 32768, 32768, 32768, 1), (32768, 32768, 32768, 32768, 1), (32768, 32768, 32768, 32768, 1)]
rowlen 512 rows 20 uniq_rows 1 mono_inc 20 mono_dec 20 const 20 same_adj 19 sample [(32768, 32768, 32768, 32768, 1), (32768, 32768, 32768, 32768, 1), (32768, 32768, 32768, 32768, 1), (32768, 32768, 32768, 32768, 1), (32768, 32768, 32768, 32768, 1), (32768, 32768, 32768, 32768, 1), (32768, 32768, 32768, 32768, 1), (32768, 32768, 32768, 32768, 1)]
rowlen 640 rows 16 uniq_rows 1 mono_inc 16 mono_dec 16 const 16 same_adj 15 sample [(32768, 32768, 32768, 32768, 1), (32768, 32768, 32768, 32768, 1), (32768, 32768, 32768, 32768, 1), (32768, 32768, 32768, 32768, 1), (32768, 32768, 32768, 32768, 1), (32768, 32768, 32768, 32768, 1), (32768, 32768, 32768, 32768, 1), (32768, 32768, 32768, 32768, 1)]
rowlen 1024 rows 10 uniq_rows 1 mono_inc 10 mono_dec 10 const 10 same_adj 9 sample [(32768, 32768, 32768, 32768, 1), (32768, 32768, 32768, 32768, 1), (32768, 32768, 32768, 32768, 1), (32768, 32768, 32768, 32768, 1), (32768, 32768, 32768, 32768, 1), (32768, 32768, 32768, 32768, 1), (32768, 32768, 32768, 32768, 1), (32768, 32768, 32768, 32768, 1)]
rowlen 1280 rows 8 uniq_rows 1 mono_inc 8 mono_dec 8 const 8 same_adj 7 sample [(32768, 32768, 32768, 32768, 1), (32768, 32768, 32768, 32768, 1), (32768, 32768, 32768, 32768, 1), (32768, 32768, 32768, 32768, 1), (32768, 32768, 32768, 32768, 1), (32768, 32768, 32768, 32768, 1), (32768, 32768, 32768, 32768, 1), (32768, 32768, 32768, 32768, 1)]
rowlen 2048 rows 5 uniq_rows 1 mono_inc 5 mono_dec 5 const 5 same_adj 4 sample [(32768, 32768, 32768, 32768, 1), (32768, 32768, 32768, 32768, 1), (32768, 32768, 32768, 32768, 1), (32768, 32768, 32768, 32768, 1), (32768, 32768, 32768, 32768, 1)]
rowlen 2560 rows 4 uniq_rows 1 mono_inc 4 mono_dec 4 const 4 same_adj 3 sample [(32768, 32768, 32768, 32768, 1), (32768, 32768, 32768, 32768, 1), (32768, 32768, 32768, 32768, 1), (32768, 32768, 32768, 32768, 1)]
shape 40 x 256 monotone_columns_inc/dec 256 256 of 256
shape 20 x 512 monotone_columns_inc/dec 512 512 of 512
shape 10 x 1024 monotone_columns_inc/dec 1024 1024 of 1024
shape 80 x 128 monotone_columns_inc/dec 128 128 of 128
shape 160 x 64 monotone_columns_inc/dec 64 64 of 64

=== TONE MEDIUM active 0xA000 ===
count_u32 10240 sha 2fd6ca209f290c75aa96976b3d7692e55c41a55c0017a063aba9808da3b41a00 minmax 0x4be7 0x893a unique 2664
first_runs [('0x4be7', 201), ('0x4c1b', 1), ('0x4c4f', 1), ('0x4c82', 1), ('0x4cb5', 1), ('0x4ce9', 1), ('0x4d1c', 1), ('0x4d4f', 1), ('0x4d81', 1), ('0x4db3', 1), ('0x4de5', 1), ('0x4e18', 1), ('0x4e4a', 1), ('0x4e7b', 1), ('0x4eac', 1), ('0x4ede', 1), ('0x4f0f', 1), ('0x4f40', 1), ('0x4f71', 1), ('0x4fa1', 1)] run_count 4199
rowlen 32 rows 320 uniq_rows 252 mono_inc 109 mono_dec 125 const 70 same_adj 68 sample [(19431, 19431, 19431, 19431, 1), (19431, 19431, 19431, 19431, 1), (19431, 19431, 19431, 19431, 1), (19431, 19431, 19431, 19431, 1), (19431, 19431, 19431, 19431, 1), (19431, 19431, 19431, 19431, 1), (19431, 20579, 19431, 20579, 24), (20626, 22037, 20626, 22037, 32)]
rowlen 40 rows 256 uniq_rows 202 mono_inc 86 mono_dec 96 const 56 same_adj 54 sample [(19431, 19431, 19431, 19431, 1), (19431, 19431, 19431, 19431, 1), (19431, 19431, 19431, 19431, 1), (19431, 19431, 19431, 19431, 1), (19431, 19431, 19431, 19431, 1), (19431, 21326, 19431, 21326, 40), (21371, 23042, 21371, 23042, 40), (23083, 24580, 23083, 24580, 40)]
rowlen 64 rows 160 uniq_rows 127 mono_inc 54 mono_dec 56 const 35 same_adj 33 sample [(19431, 19431, 19431, 19431, 1), (19431, 19431, 19431, 19431, 1), (19431, 19431, 19431, 19431, 1), (19431, 22037, 19431, 22037, 56), (22080, 24580, 22080, 24580, 64), (24617, 26754, 24617, 26754, 64), (26785, 28671, 26785, 28671, 64), (28700, 30192, 28700, 30192, 64)]
rowlen 80 rows 128 uniq_rows 103 mono_inc 42 mono_dec 43 const 27 same_adj 25 sample [(19431, 19431, 19431, 19431, 1), (19431, 19431, 19431, 19431, 1), (19431, 21326, 19431, 21326, 40), (21371, 24580, 21371, 24580, 80), (24617, 27252, 24617, 27252, 80), (27283, 29505, 27283, 29505, 80), (29528, 31023, 29528, 31023, 80), (31038, 32045, 31038, 32045, 80)]
rowlen 128 rows 80 uniq_rows 65 mono_inc 27 mono_dec 25 const 17 same_adj 15 sample [(19431, 19431, 19431, 19431, 1), (19431, 22037, 19431, 22037, 56), (22080, 26754, 22080, 26754, 128), (26785, 30192, 26785, 30192, 128), (30212, 32045, 30212, 32045, 128), (32055, 33124, 32055, 33124, 128), (33131, 33826, 33131, 33826, 128), (33830, 34316, 33830, 34316, 128)]
rowlen 160 rows 64 uniq_rows 53 mono_inc 20 mono_dec 20 const 13 same_adj 11 sample [(19431, 19431, 19431, 19431, 1), (19431, 24580, 19431, 24580, 120), (24617, 29505, 24617, 29505, 160), (29528, 32045, 29528, 32045, 160), (32055, 33327, 32055, 33327, 160), (33333, 34091, 33333, 34091, 160), (34095, 34594, 34095, 34594, 160), (34597, 34948, 34597, 34948, 160)]
rowlen 256 rows 40 uniq_rows 33 mono_inc 13 mono_dec 12 const 8 same_adj 7 sample [(19431, 22037, 19431, 22037, 56), (22080, 30192, 22080, 30192, 256), (30212, 33124, 30212, 33124, 256), (33131, 34316, 33131, 34316, 256), (34319, 34948, 34319, 34948, 256), (34950, 34923, 34923, 35130, 156), (34920, 34468, 34468, 34920, 256), (34467, 34160, 34160, 34467, 244)]
rowlen 320 rows 32 uniq_rows 27 mono_inc 10 mono_dec 9 const 6 same_adj 5 sample [(19431, 24580, 19431, 24580, 120), (24617, 32045, 24617, 32045, 320), (32055, 34091, 32055, 34091, 320), (34095, 34948, 34095, 34948, 320), (34950, 34791, 34791, 35130, 220), (34789, 34301, 34301, 34789, 318), (34299, 33990, 33990, 34299, 271), (33989, 33785, 33785, 33989, 196)]
rowlen 512 rows 20 uniq_rows 17 mono_inc 6 mono_dec 6 const 4 same_adj 3 sample [(19431, 30192, 19431, 30192, 312), (30212, 34316, 30212, 34316, 512), (34319, 34923, 34319, 35130, 405), (34920, 34160, 34160, 34920, 500), (34159, 33785, 33785, 34159, 349), (33784, 33583, 33583, 33784, 201), (33583, 33478, 33477, 33583, 107), (33478, 33456, 33447, 33478, 32)]
rowlen 640 rows 16 uniq_rows 14 mono_inc 5 mono_dec 4 const 3 same_adj 2 sample [(19431, 32045, 19431, 32045, 440), (32055, 34948, 32055, 34948, 640), (34950, 34301, 34301, 35130, 538), (34299, 33785, 33785, 34299, 467), (33784, 33550, 33550, 33784, 234), (33550, 33450, 33449, 33550, 102), (33450, 33466, 33447, 33468, 22), (33466, 33416, 33416, 33467, 52)]
rowlen 1024 rows 10 uniq_rows 9 mono_inc 3 mono_dec 2 const 2 same_adj 1 sample [(19431, 34316, 19431, 34316, 824), (34319, 34160, 34160, 35130, 768), (34159, 33583, 33583, 34159, 550), (33583, 33456, 33447, 33583, 137), (33456, 33416, 33416, 33468, 53), (33416, 33241, 33241, 33416, 174), (33241, 33012, 33012, 33241, 227), (33012, 32768, 32768, 33012, 245)]
rowlen 1280 rows 8 uniq_rows 8 mono_inc 2 mono_dec 1 const 1 same_adj 0 sample [(19431, 34948, 19431, 34948, 1080), (34950, 33785, 33785, 35130, 1005), (33784, 33450, 33449, 33784, 335), (33450, 33416, 33416, 33468, 53), (33416, 33187, 33187, 33416, 228), (33186, 32892, 32892, 33187, 293), (32892, 32768, 32768, 32892, 125), (32768, 32768, 32768, 32768, 1)]
rowlen 2048 rows 5 uniq_rows 5 mono_inc 1 mono_dec 1 const 1 same_adj 0 sample [(19431, 34160, 19431, 35130, 1557), (34159, 33456, 33447, 34159, 686), (33456, 33241, 33241, 33468, 226), (33241, 32768, 32768, 33241, 471), (32768, 32768, 32768, 32768, 1)]
rowlen 2560 rows 4 uniq_rows 4 mono_inc 0 mono_dec 0 const 0 same_adj 0 sample [(19431, 33785, 19431, 35130, 1820), (33784, 33416, 33416, 33784, 368), (33416, 32892, 32892, 33416, 520), (32892, 32768, 32768, 32892, 125)]
shape 40 x 256 monotone_columns_inc/dec 0 0 of 256
shape 20 x 512 monotone_columns_inc/dec 0 0 of 512
shape 10 x 1024 monotone_columns_inc/dec 0 36 of 1024
shape 80 x 128 monotone_columns_inc/dec 0 0 of 128
shape 160 x 64 monotone_columns_inc/dec 0 0 of 64

=== TONE HIGH active 0xA000 ===
count_u32 10240 sha 0a764cf29d35cd4a4eb7f816e5d128bccaef81b4d5eca991d9b80ab207bd0101 minmax 0x3f3e 0x93b4 unique 4063
first_runs [('0x3f3e', 331), ('0x3f6b', 1), ('0x3f97', 1), ('0x3fc4', 1), ('0x3ff1', 1), ('0x401e', 1), ('0x404b', 1), ('0x4078', 1), ('0x40a5', 1), ('0x40d2', 1), ('0x40ff', 1), ('0x412d', 1), ('0x4159', 1), ('0x4187', 1), ('0x41b4', 1), ('0x41e1', 1), ('0x420f', 1), ('0x423d', 1), ('0x426a', 1), ('0x4298', 1)] run_count 4986
rowlen 32 rows 320 uniq_rows 248 mono_inc 106 mono_dec 162 const 74 same_adj 72 sample [(16190, 16190, 16190, 16190, 1), (16190, 16190, 16190, 16190, 1), (16190, 16190, 16190, 16190, 1), (16190, 16190, 16190, 16190, 1), (16190, 16190, 16190, 16190, 1), (16190, 16190, 16190, 16190, 1), (16190, 16190, 16190, 16190, 1), (16190, 16190, 16190, 16190, 1)]
rowlen 40 rows 256 uniq_rows 199 mono_inc 85 mono_dec 127 const 59 same_adj 57 sample [(16190, 16190, 16190, 16190, 1), (16190, 16190, 16190, 16190, 1), (16190, 16190, 16190, 16190, 1), (16190, 16190, 16190, 16190, 1), (16190, 16190, 16190, 16190, 1), (16190, 16190, 16190, 16190, 1), (16190, 16190, 16190, 16190, 1), (16190, 16190, 16190, 16190, 1)]
rowlen 64 rows 160 uniq_rows 125 mono_inc 53 mono_dec 74 const 37 same_adj 35 sample [(16190, 16190, 16190, 16190, 1), (16190, 16190, 16190, 16190, 1), (16190, 16190, 16190, 16190, 1), (16190, 16190, 16190, 16190, 1), (16190, 16190, 16190, 16190, 1), (16190, 18634, 16190, 18634, 54), (18681, 21860, 18681, 21860, 64), (21914, 25578, 21914, 25578, 64)]
rowlen 80 rows 128 uniq_rows 101 mono_inc 42 mono_dec 58 const 29 same_adj 27 sample [(16190, 16190, 16190, 16190, 1), (16190, 16190, 16190, 16190, 1), (16190, 16190, 16190, 16190, 1), (16190, 16190, 16190, 16190, 1), (16190, 19407, 16190, 19407, 70), (19455, 23668, 19455, 23668, 80), (23727, 27894, 23727, 27894, 80), (27935, 30613, 27935, 30613, 80)]
rowlen 128 rows 80 uniq_rows 64 mono_inc 26 mono_dec 35 const 18 same_adj 16 sample [(16190, 16190, 16190, 16190, 1), (16190, 16190, 16190, 16190, 1), (16190, 18634, 16190, 18634, 54), (18681, 25578, 18681, 25578, 128), (25634, 30613, 25634, 30613, 128), (30640, 33349, 30640, 33349, 128), (33365, 35054, 33365, 35054, 128), (35064, 36206, 35064, 36206, 128)]
rowlen 160 rows 64 uniq_rows 52 mono_inc 20 mono_dec 26 const 14 same_adj 12 sample [(16190, 16190, 16190, 16190, 1), (16190, 16190, 16190, 16190, 1), (16190, 23668, 16190, 23668, 150), (23727, 30613, 23727, 30613, 160), (30640, 33847, 30640, 33847, 160), (33861, 35682, 33861, 35682, 160), (35690, 36846, 35690, 36846, 160), (36851, 37639, 36851, 37639, 160)]
rowlen 256 rows 40 uniq_rows 33 mono_inc 13 mono_dec 16 const 9 same_adj 7 sample [(16190, 16190, 16190, 16190, 1), (16190, 25578, 16190, 25578, 182), (25634, 33349, 25634, 33349, 256), (33365, 36206, 33365, 36206, 256), (36213, 37639, 36213, 37639, 256), (37643, 37292, 37292, 37812, 198), (37288, 36427, 36427, 37288, 256), (36425, 35825, 35825, 36425, 256)]
rowlen 320 rows 32 uniq_rows 27 mono_inc 10 mono_dec 12 const 7 same_adj 5 sample [(16190, 16190, 16190, 16190, 1), (16190, 30613, 16190, 30613, 310), (30640, 35682, 30640, 35682, 320), (35690, 37639, 35690, 37639, 320), (37643, 37044, 37044, 37812, 262), (37040, 36101, 36101, 37040, 320), (36099, 35484, 35484, 36099, 320), (35483, 35058, 35058, 35483, 310)]
rowlen 512 rows 20 uniq_rows 17 mono_inc 6 mono_dec 7 const 4 same_adj 3 sample [(16190, 25578, 16190, 25578, 182), (25634, 36206, 25634, 36206, 512), (36213, 37292, 36213, 37812, 433), (37288, 35825, 35825, 37288, 512), (35823, 35058, 35058, 35823, 502), (35057, 34611, 34611, 35057, 403), (34609, 34336, 34336, 34609, 271), (34335, 34202, 34202, 34335, 133)]
rowlen 640 rows 16 uniq_rows 14 mono_inc 5 mono_dec 5 const 3 same_adj 2 sample [(16190, 30613, 16190, 30613, 310), (30640, 37639, 30640, 37639, 640), (37643, 36101, 36101, 37812, 582), (36099, 35058, 35058, 36099, 630), (35057, 34529, 34529, 35057, 481), (34528, 34247, 34247, 34528, 281), (34247, 34139, 34139, 34247, 109), (34139, 33971, 33971, 34139, 167)]
rowlen 1024 rows 10 uniq_rows 9 mono_inc 3 mono_dec 3 const 2 same_adj 1 sample [(16190, 36206, 16190, 36206, 694), (36213, 35825, 35825, 37812, 892), (35823, 34611, 34611, 35823, 905), (34609, 34202, 34202, 34609, 404), (34201, 33971, 33971, 34202, 230), (33971, 33610, 33610, 33971, 353), (33610, 33197, 33197, 33610, 398), (33196, 32768, 32768, 33196, 421)]
rowlen 1280 rows 8 uniq_rows 8 mono_inc 2 mono_dec 1 const 1 same_adj 0 sample [(16190, 37639, 16190, 37639, 950), (37643, 35058, 35058, 37812, 1212), (35057, 34247, 34247, 35057, 762), (34247, 33971, 33971, 34247, 275), (33971, 33510, 33510, 33971, 453), (33509, 32983, 32983, 33509, 503), (32983, 32768, 32768, 32983, 216), (32768, 32768, 32768, 32768, 1)]
rowlen 2048 rows 5 uniq_rows 5 mono_inc 1 mono_dec 1 const 1 same_adj 0 sample [(16190, 35825, 16190, 37812, 1569), (35823, 34202, 34202, 35823, 1309), (34201, 33610, 33610, 34202, 582), (33610, 32768, 32768, 33610, 819), (32768, 32768, 32768, 32768, 1)]
rowlen 2560 rows 4 uniq_rows 4 mono_inc 0 mono_dec 0 const 0 same_adj 0 sample [(16190, 35058, 16190, 37812, 2014), (35057, 33971, 33971, 35057, 1036), (33971, 32983, 32983, 33971, 956), (32983, 32768, 32768, 32983, 216)]
shape 40 x 256 monotone_columns_inc/dec 0 0 of 256
shape 20 x 512 monotone_columns_inc/dec 0 0 of 512
shape 10 x 1024 monotone_columns_inc/dec 0 39 of 1024
shape 80 x 128 monotone_columns_inc/dec 0 0 of 128
shape 160 x 64 monotone_columns_inc/dec 0 0 of 64

=== DIFFERENTIAL GAMMA MAIN active 0x8000 ===
sha 1678c7f99ab1fac958ffb068d20a0c24ab1677adf20a916335d0b2947fc8a1a1 u8_minmax_unique 0 12 13
u8_width 64 rows 512 uniq_rows 124 same_adj 344 row0_head [0, 9, 10, 10, 10, 9, 10, 10, 10, 9, 10, 10, 10, 9, 10, 10] rowlast_head [0, 0, 0, 0, 0, 0, 0, 0, 0, 0, 0, 0, 0, 0, 0, 0]
u8_width 128 rows 256 uniq_rows 78 same_adj 140 row0_head [0, 9, 10, 10, 10, 9, 10, 10, 10, 9, 10, 10, 10, 9, 10, 10] rowlast_head [0, 0, 0, 0, 0, 0, 0, 0, 0, 0, 0, 0, 0, 0, 0, 0]
u8_width 256 rows 128 uniq_rows 45 same_adj 69 row0_head [0, 9, 10, 10, 10, 9, 10, 10, 10, 9, 10, 10, 10, 9, 10, 10] rowlast_head [0, 0, 0, 0, 0, 0, 0, 0, 0, 0, 0, 0, 0, 0, 0, 0]
u8_width 512 rows 64 uniq_rows 27 same_adj 34 row0_head [0, 9, 10, 10, 10, 9, 10, 10, 10, 9, 10, 10, 10, 9, 10, 10] rowlast_head [0, 0, 0, 0, 0, 0, 0, 0, 0, 0, 0, 0, 0, 0, 0, 0]
u8_width 1024 rows 32 uniq_rows 16 same_adj 16 row0_head [0, 9, 10, 10, 10, 9, 10, 10, 10, 9, 10, 10, 10, 9, 10, 10] rowlast_head [0, 0, 0, 0, 0, 0, 0, 0, 0, 0, 0, 0, 0, 0, 0, 0]
u16 rowlen 64 rows 256 uniq_rows 78 mono_inc 140 mono_dec 140 const 140 same_adj 140
u16 rowlen 128 rows 128 uniq_rows 45 mono_inc 70 mono_dec 70 const 70 same_adj 69
u16 rowlen 256 rows 64 uniq_rows 27 mono_inc 35 mono_dec 35 const 35 same_adj 34
u16 rowlen 512 rows 32 uniq_rows 16 mono_inc 17 mono_dec 17 const 17 same_adj 16
u16 rowlen 1024 rows 16 uniq_rows 9 mono_inc 8 mono_dec 8 const 8 same_adj 7

=== DIFFERENTIAL GAMMA FL active 0x1000 ===
sha e1a997633d1be1d82c89feac40f4feccfa058fad4b3d87cadf08d385f83953e6 count_u16 2048 minmax 0x0 0x3fff unique 926
rowlen 64 rows 32 uniq_rows 16 mono_inc 32 mono_dec 17 const 17 same_adj 16 sample [(0, 5993, 0, 5993, 64), (6053, 8868, 6053, 8868, 64), (8903, 10877, 8903, 10877, 64), (10903, 12167, 10903, 12167, 64), (12182, 12993, 12182, 12993, 64), (13004, 13592, 13004, 13592, 64), (13600, 14051, 13600, 14051, 64), (14058, 14418, 14058, 14418, 64)]
rowlen 128 rows 16 uniq_rows 9 mono_inc 16 mono_dec 8 const 8 same_adj 7 sample [(0, 8868, 0, 8868, 128), (8903, 12167, 8903, 12167, 128), (12182, 13592, 12182, 13592, 128), (13600, 14418, 13600, 14418, 128), (14423, 15031, 14423, 15031, 128), (15036, 15636, 15036, 15636, 128), (15641, 16241, 15641, 16241, 128), (16246, 16383, 16246, 16383, 30)]
rowlen 256 rows 8 uniq_rows 5 mono_inc 8 mono_dec 4 const 4 same_adj 3 sample [(0, 12167, 0, 12167, 256), (12182, 14418, 12182, 14418, 256), (14423, 15636, 14423, 15636, 256), (15641, 16383, 15641, 16383, 158), (16383, 16383, 16383, 16383, 1), (16383, 16383, 16383, 16383, 1), (16383, 16383, 16383, 16383, 1), (16383, 16383, 16383, 16383, 1)]
rowlen 512 rows 4 uniq_rows 3 mono_inc 4 mono_dec 2 const 2 same_adj 1 sample [(0, 14418, 0, 14418, 512), (14423, 16383, 14423, 16383, 414), (16383, 16383, 16383, 16383, 1), (16383, 16383, 16383, 16383, 1)]
rowlen 1024 rows 2 uniq_rows 2 mono_inc 2 mono_dec 1 const 1 same_adj 0 sample [(0, 16383, 0, 16383, 926), (16383, 16383, 16383, 16383, 1)]
FL shape 8 x 256 row_starts ['0x0', '0x2f96', '0x3857', '0x3d19', '0x3fff', '0x3fff', '0x3fff', '0x3fff'] row_ends ['0x2f87', '0x3852', '0x3d14', '0x3fff', '0x3fff', '0x3fff', '0x3fff', '0x3fff'] rows_monotone [True, True, True, True, True, True, True, True]
FL shape 16 x 128 row_starts ['0x0', '0x22c7', '0x2f96', '0x3520', '0x3857', '0x3abc', '0x3d19', '0x3f76', '0x3fff', '0x3fff', '0x3fff', '0x3fff', '0x3fff', '0x3fff', '0x3fff', '0x3fff'] row_ends ['0x22a4', '0x2f87', '0x3518', '0x3852', '0x3ab7', '0x3d14', '0x3f71', '0x3fff', '0x3fff', '0x3fff', '0x3fff', '0x3fff', '0x3fff', '0x3fff', '0x3fff', '0x3fff'] rows_monotone [True, True, True, True, True, True, True, True, True, True, True, True, True, True, True, True]
FL shape 4 x 512 row_starts ['0x0', '0x3857', '0x3fff', '0x3fff'] row_ends ['0x3852', '0x3fff', '0x3fff', '0x3fff'] rows_monotone [True, True, True, True]
FL shape 2 x 1024 row_starts ['0x0', '0x3fff'] row_ends ['0x3fff', '0x3fff'] rows_monotone [True, True]

TARGET: infer practical LUT dimensionality/curve-bank organization for CPU/GPU emulation from active upload regions only.
