M10-R v2.19 PUBLIC REFERENCE ALIGNMENT / ORDER FIT
reference: Photography Blog sample #01 verified same-capture JPEG+DNG in v2.16
IMPORTANT: candidate fit is diagnostic evidence, not a hardware stage-order freeze.
dimensions raw_rgb 7872 5208 jpeg 7840 5184 difference 32 24
raw_pattern [[1, 2], [0, 1]] color_desc RGBG white 15000.0

=== alignment top20 ===
score 0.9450301461418895 dx 6 dy 6
score 0.9160085507036779 dx 7 dy 6
score 0.914670319804104 dx 5 dy 6
score 0.9141798068524569 dx 6 dy 7
score 0.9137849067902875 dx 6 dy 5
score 0.8982545472305126 dx 7 dy 7
score 0.897757572755332 dx 5 dy 5
score 0.8949049130629536 dx 7 dy 5
score 0.8934169741499893 dx 5 dy 7
score 0.8863405863489974 dx 6 dy 4
score 0.8854108055234653 dx 6 dy 8
score 0.8841799177039518 dx 7 dy 8
score 0.8834648358202847 dx 5 dy 4
score 0.8784338212987874 dx 8 dy 6
score 0.8774800411886414 dx 7 dy 4
score 0.8759595481574548 dx 4 dy 6
score 0.8751715402037037 dx 5 dy 8
score 0.8695008603207846 dx 8 dy 7
score 0.8677356202531323 dx 4 dy 5
score 0.8627111869745618 dx 8 dy 5
best_crop_offset 6 6 expected_symmetric 16 12
green_indices [1, 3] green_parities [(0, 0), (1, 1)]

patch_total 2301 chosen 152 threshold_chroma_texture (10, 8)
best_neutral_patches x y rawG rawStd jpgY jpgStd chroma meanRGB
(2816, 768, 104.43896484375, 16.509117126464844, 9.495400428771973, 1.3486402034759521, 6.662109375) (10.072265625, 9.938232421875, 3.41015625)
(4992, 4352, 109.75830078125, 17.15108871459961, 9.643693923950195, 1.4158146381378174, 4.27734375) (10.154541015625, 9.8720703125, 5.877197265625)
(5632, 4352, 94.52294921875, 17.611265182495117, 8.085193634033203, 1.4161341190338135, 3.662841796875) (8.50732421875, 8.286865234375, 4.844482421875)
(3712, 3328, 5988.33740234375, 205.579345703125, 209.27972412109375, 1.5225253105163574, 4.9140625) (208.846923828125, 209.84716796875, 204.93310546875)
(4352, 3968, 91.7900390625, 16.558042526245117, 8.434393882751465, 1.5456926822662354, 7.100341796875) (10.570556640625, 8.300537109375, 3.47021484375)
(5120, 4480, 108.70361328125, 18.3751220703125, 9.409963607788086, 1.5828924179077148, 3.3544921875) (9.797607421875, 9.59423828125, 6.443115234375)
(5120, 4352, 93.05615234375, 18.863544464111328, 7.947924613952637, 1.5840187072753906, 3.375244140625) (8.572265625, 8.0400390625, 5.197021484375)
(5504, 4224, 112.86083984375, 18.902677536010742, 9.895965576171875, 1.5921703577041626, 3.963623046875) (10.502197265625, 10.0546875, 6.53857421875)
(5504, 4608, 107.26171875, 19.599102020263672, 9.206207275390625, 1.6064321994781494, 3.357177734375) (9.2265625, 9.508544921875, 6.1513671875)
(4992, 4096, 106.39306640625, 19.187379837036133, 9.453285217285156, 1.657637119293213, 5.031982421875) (10.8427734375, 9.407958984375, 5.810791015625)
(4864, 4352, 120.7998046875, 20.816110610961914, 10.634134292602539, 1.7202070951461792, 3.95947265625) (11.04345703125, 10.870849609375, 7.083984375)
(4480, 3968, 78.44580078125, 18.767648696899414, 6.920779228210449, 1.7818102836608887, 5.248779296875) (8.14013671875, 6.965087890625, 2.891357421875)
(128, 512, 107.64404296875, 21.069494247436523, 9.634689331054688, 1.785728931427002, 7.087158203125) (9.3466796875, 10.3623046875, 3.275146484375)
(4992, 4480, 110.01953125, 20.91905975341797, 9.613744735717773, 1.810950756072998, 3.981689453125) (9.870849609375, 9.909423828125, 5.927734375)
(5120, 4224, 110.64599609375, 21.375690460205078, 9.750056266784668, 1.8547183275222778, 4.271484375) (10.765625, 9.77685546875, 6.494140625)
(4864, 2176, 207.12646484375, 27.053516387939453, 18.770994186401367, 1.8723087310791016, 6.671630859375) (20.207275390625, 18.87255859375, 13.53564453125)
(4992, 4224, 107.8564453125, 21.43701934814453, 9.452489852905273, 1.8756979703903198, 4.14599609375) (10.447998046875, 9.474609375, 6.302001953125)
(3712, 3200, 5951.48681640625, 249.99850463867188, 209.00799560546875, 1.8906049728393555, 4.90771484375) (209.03955078125, 209.449462890625, 204.541748046875)
(4352, 2048, 209.89306640625, 28.57369041442871, 19.03791046142578, 2.092827320098877, 6.934814453125) (20.60546875, 19.11376953125, 13.670654296875)
(3072, 4096, 277.953125, 32.05739212036133, 24.2283992767334, 2.1004104614257812, 9.090576171875) (24.52294921875, 24.982421875, 15.891845703125)
(5760, 4352, 108.8251953125, 22.823535919189453, 9.628093719482422, 2.1563327312469482, 4.814453125) (10.761962890625, 9.66259765625, 5.947509765625)
(2816, 2688, 5914.68603515625, 282.2918395996094, 208.6021728515625, 2.18400502204895, 3.633544921875) (208.59326171875, 208.937744140625, 205.30419921875)
(5376, 4352, 152.62744140625, 26.365692138671875, 13.725712776184082, 2.2099499702453613, 5.40576171875) (13.770751953125, 14.209228515625, 8.803466796875)
(5760, 4480, 135.02880859375, 25.073381423950195, 12.093498229980469, 2.2320287227630615, 4.056396484375) (13.4228515625, 11.9736328125, 9.366455078125)
(2944, 2688, 6127.19580078125, 292.8755187988281, 209.97357177734375, 2.233834743499756, 1.804931640625) (209.0771484375, 210.381103515625, 208.576171875)
(2944, 4096, 254.2158203125, 32.533973693847656, 22.47026824951172, 2.2345266342163086, 9.12353515625) (22.77392578125, 23.224853515625, 14.101318359375)
(5248, 4480, 230.56787109375, 31.609962463378906, 19.766342163085938, 2.249004364013672, 1.03466796875) (19.001953125, 20.03662109375, 19.33984375)
(6400, 4480, 394.4384765625, 31.819622039794922, 32.594017028808594, 2.277724504470825, 8.873779296875) (36.034912109375, 32.11962890625, 27.1611328125)
(3328, 3200, 4538.1240234375, 208.16111755371094, 194.5862579345703, 2.3489389419555664, 4.894287109375) (193.2412109375, 195.398193359375, 190.50390625)
(6016, 4736, 297.62451171875, 35.849037170410156, 25.358604431152344, 2.3595709800720215, 4.604248046875) (27.048095703125, 25.150634765625, 22.44384765625)
(4864, 2048, 259.310546875, 34.20854949951172, 22.976375579833984, 2.360194444656372, 8.21435546875) (24.78857421875, 23.083984375, 16.57421875)
(5888, 4352, 144.626953125, 28.494781494140625, 12.7418851852417, 2.366041660308838, 2.585205078125) (13.14697265625, 12.841552734375, 10.561767578125)
(3840, 1408, 7148.67333984375, 404.80364990234375, 217.3690948486328, 2.3867859840393066, 3.809326171875) (217.1181640625, 217.7861328125, 213.976806640625)
(5504, 4352, 125.10546875, 27.617904663085938, 10.94344711303711, 2.427170753479004, 3.095703125) (11.16748046875, 11.166748046875, 8.07177734375)
(5248, 4224, 123.25048828125, 27.126516342163086, 10.931533813476562, 2.4436426162719727, 4.1845703125) (11.65673828125, 11.065185546875, 7.47216796875)
(5376, 4480, 132.17626953125, 29.338403701782227, 11.62080192565918, 2.4558069705963135, 3.09375) (11.9794921875, 11.790283203125, 8.8857421875)
(4992, 4608, 121.044921875, 28.706079483032227, 10.692742347717285, 2.482802152633667, 4.255126953125) (11.219970703125, 10.912353515625, 6.96484375)
(4480, 1664, 169.7958984375, 31.434226989746094, 15.545661926269531, 2.524740695953369, 6.1865234375) (17.2734375, 15.482177734375, 11.0869140625)
(6144, 4608, 363.91162109375, 37.48647689819336, 30.09906005859375, 2.6068942546844482, 6.253173828125) (32.212646484375, 29.888671875, 25.95947265625)
(3840, 3712, 5116.27099609375, 262.1241760253906, 201.34092712402344, 2.6280784606933594, 5.3603515625) (201.072998046875, 201.90478515625, 196.54443359375)
(4352, 2176, 178.55322265625, 33.871673583984375, 16.36481285095215, 2.645657777786255, 7.114013671875) (17.812255859375, 16.506591796875, 10.6982421875)
(5376, 4224, 147.58447265625, 31.234882354736328, 13.34613037109375, 2.6470348834991455, 5.427001953125) (13.7978515625, 13.714111328125, 8.370849609375)
(3584, 3328, 5528.63330078125, 321.35638427734375, 205.80484008789062, 2.7107701301574707, 9.892578125) (206.701904296875, 206.4462890625, 196.809326171875)
(1408, 768, 117.72607421875, 33.01740646362305, 10.503812789916992, 2.7215824127197266, 7.83154296875) (9.577880859375, 11.471923828125, 3.640380859375)
(6528, 4608, 382.3623046875, 39.04736328125, 31.304155349731445, 2.7233047485351562, 5.4609375) (33.56640625, 30.95458984375, 28.10546875)
(4224, 1920, 258.0908203125, 38.50327682495117, 22.940780639648438, 2.7683117389678955, 8.1806640625) (25.05908203125, 22.923095703125, 16.87841796875)
(512, 2688, 86.255859375, 28.64824104309082, 7.74847412109375, 2.8054375648498535, 5.88232421875) (8.435791015625, 8.068603515625, 2.553466796875)
(6016, 4608, 358.66552734375, 42.30498504638672, 29.863698959350586, 2.819047451019287, 7.021240234375) (32.53125, 29.51025390625, 25.510009765625)
(4352, 1792, 263.31689453125, 41.70165252685547, 22.627504348754883, 2.9571850299835205, 3.062255859375) (22.955810546875, 22.805908203125, 19.8935546875)
(4352, 1664, 176.99755859375, 36.99897766113281, 16.093599319458008, 3.005706787109375, 6.0546875) (17.414794921875, 16.1787109375, 11.360107421875)
(4608, 2048, 223.931640625, 41.769622802734375, 20.092037200927734, 3.009760856628418, 6.898681640625) (21.6533203125, 20.166748046875, 14.754638671875)
(4736, 1664, 191.0693359375, 39.77827835083008, 17.108360290527344, 3.0221664905548096, 4.419921875) (18.391845703125, 17.04345703125, 13.971923828125)
(4864, 1664, 227.814453125, 41.958194732666016, 20.077533721923828, 3.0300064086914062, 4.508056640625) (20.749267578125, 20.26513671875, 16.2412109375)
(4736, 4096, 176.1103515625, 38.55945587158203, 15.843509674072266, 3.03590989112854, 5.06201171875) (16.452392578125, 16.112060546875, 11.390380859375)
(3712, 1408, 6627.4453125, 453.1375732421875, 214.21365356445312, 3.055386781692505, 5.628173828125) (214.869873046875, 214.5205078125, 209.24169921875)
(1152, 896, 75.29150390625, 32.201019287109375, 6.490760326385498, 3.061321496963501, 5.097412109375) (6.38916015625, 6.985595703125, 1.88818359375)
(4608, 1920, 261.65234375, 44.14691925048828, 23.154348373413086, 3.0650737285614014, 8.15673828125) (25.191650390625, 23.16650390625, 17.034912109375)
(2944, 4224, 252.38232421875, 42.584381103515625, 22.125341415405273, 3.090341567993164, 8.758056640625) (21.748046875, 23.0302734375, 14.272216796875)
(3712, 3712, 5486.5361328125, 334.0425109863281, 204.98681640625, 3.0989463329315186, 5.65234375) (205.165771484375, 205.456787109375, 199.804443359375)
(2944, 4352, 234.775390625, 41.33662033081055, 20.747882843017578, 3.1228792667388916, 7.663330078125) (20.61181640625, 21.4873046875, 13.823974609375)
(2816, 2816, 5973.57177734375, 384.8572692871094, 209.72816467285156, 3.1317813396453857, 9.429443359375) (211.716796875, 209.88818359375, 202.287353515625)
(4608, 1792, 290.19677734375, 45.58232879638672, 25.25809097290039, 3.152578592300415, 8.0771484375) (27.488525390625, 25.185302734375, 19.411376953125)
(3072, 4352, 312.37939453125, 48.40501022338867, 26.33685302734375, 3.1526944637298584, 6.896240234375) (26.12060546875, 27.027587890625, 20.13134765625)
(6528, 4736, 418.36572265625, 39.01995849609375, 33.775413513183594, 3.178571939468384, 4.530517578125) (35.622314453125, 33.497314453125, 31.091796875)
(4736, 2048, 214.5634765625, 42.57489776611328, 19.59326934814453, 3.1921842098236084, 8.1435546875) (22.354248046875, 19.31591796875, 14.210693359375)
(3072, 4224, 252.6591796875, 42.97612380981445, 22.128623962402344, 3.2060515880584717, 8.0126953125) (21.93896484375, 22.91455078125, 14.90185546875)
(3328, 2560, 5490.5908203125, 370.7184753417969, 204.9296875, 3.2166504859924316, 4.640625) (205.5322265625, 205.158203125, 200.8916015625)
(4224, 1664, 168.6328125, 40.01770782470703, 15.380720138549805, 3.254377603530884, 6.444580078125) (16.799560546875, 15.46630859375, 10.35498046875)
(2944, 2816, 6022.0703125, 425.3533020019531, 209.28460693359375, 3.2602012157440186, 3.040283203125) (209.1630859375, 209.59619140625, 206.555908203125)
(5120, 4608, 106.3505859375, 38.57754135131836, 9.177766799926758, 3.2831270694732666, 3.66064453125) (9.419189453125, 9.4482421875, 5.78759765625)
(2944, 2944, 5377.6083984375, 382.2944641113281, 204.26364135742188, 3.3439784049987793, 7.940185546875) (205.6953125, 204.4951171875, 197.755126953125)
(4608, 1664, 192.3369140625, 42.24369812011719, 17.323579788208008, 3.3494200706481934, 5.473876953125) (18.748291015625, 17.308837890625, 13.2744140625)
(4352, 1920, 255.44677734375, 45.623931884765625, 22.550033569335938, 3.3664095401763916, 6.543701171875) (24.308837890625, 22.51025390625, 17.76513671875)
(6144, 4480, 400.8251953125, 41.89984893798828, 33.18083953857422, 3.3746488094329834, 9.309814453125) (36.32373046875, 32.869140625, 27.013916015625)
(256, 1024, 71.01953125, 41.06745147705078, 6.319371223449707, 3.37518048286438, 5.562744140625) (7.306640625, 6.48779296875, 1.743896484375)
(5888, 4608, 266.8291015625, 49.00362777709961, 23.35424041748047, 3.4660212993621826, 6.3798828125) (25.23583984375, 23.2490234375, 18.85595703125)
(5888, 4736, 236.91796875, 46.86339569091797, 20.805347442626953, 3.5747792720794678, 4.458984375) (22.17529296875, 20.7099609375, 17.71630859375)
(4992, 4736, 191.18359375, 45.925323486328125, 16.82929229736328, 3.64988112449646, 4.16455078125) (16.583251953125, 17.277587890625, 13.113037109375)
(5632, 4736, 235.3232421875, 47.33905792236328, 20.387924194335938, 3.6510303020477295, 2.77099609375) (20.435546875, 20.629150390625, 17.858154296875)
(4480, 2048, 209.96240234375, 51.41699981689453, 18.72722053527832, 3.734513521194458, 5.18701171875) (19.985595703125, 18.749755859375, 14.798583984375)
fit_patch_count 152 rawG_range 71.01953125 7148.67333984375 jpgY_range 6.319371223449707 217.3690948486328

=== diagnostic candidate fits ===
('dg-tone', 'trunc') test_rmse 0.6002545876898079 train_rmse 0.9548733780085874 test_mae 0.4276383547807767 raw_scale 1.56 output_gamma 1.61 b0 3.331855999660177 b1 241.50983489868526 x_range 111 11152
('dg-tone', 'nearest') test_rmse 0.5996447685700775 train_rmse 0.9684675162525173 test_mae 0.43481202072983566 raw_scale 1.5699999999999998 output_gamma 1.62 b0 3.4895678831404653 b1 241.14344499119258 x_range 112 11223
('tone-dg', 'trunc') test_rmse 0.3451118461719592 train_rmse 0.4196308235587259 test_mae 0.25548415190576096 raw_scale 0.95 output_gamma 0.99 b0 -0.43004636989830997 b1 254.70533361523968 x_range 67 6791
('tone-dg', 'nearest') test_rmse 0.34755869801593886 train_rmse 0.40170440712546945 test_mae 0.25480555460822724 raw_scale 0.9299999999999999 output_gamma 0.98 b0 -0.6543530492911658 b1 255.81975365675066 x_range 66 6648

=== order fit deltas (positive means tone-dg lower RMSE) ===
trunc dg-tone_rmse 0.6002545876898079 tone-dg_rmse 0.3451118461719592 delta_dg_minus_tone 0.25514274151784866
nearest dg-tone_rmse 0.5996447685700775 tone-dg_rmse 0.34755869801593886 delta_dg_minus_tone 0.2520860705541387

LIMITATIONS
- raw green is a neutral-patch luminance proxy, not the exact post-WB/post-CC B2Y input
- fitted output gamma/affine absorbs unknown YC/JPEG transfer
- local/detail processing is minimized by patch selection but not mathematically removed
- therefore this run may rank candidates but cannot alone freeze stage order
